width: [[30, 0], [20, 0], [20, 0], [30, 0]]
grid: 3
k: 3
seed: 42
lr: 0.01
lamb: 0
final validation loss: 0.0007345754420384765
final training loss: 0.00022292482026387006
test loss: 0.0017842866946011782
