input to model: y_noise, y_true
layers: [[1, 0], [3, 0], [3, 0], [1, 0]]
grid: 3
k: 3
seed: 0
opt: Adam
steps: 800
lr: 0.01
lamb: 0.0
final validation loss: 0.43647658824920654
final training loss: 0.41764140129089355
