width: [[1024, 0], [500, 0], [1024, 0]]
grid: 10
k: 3
seed: 42
lr: 0.1
lamb: 0
final validation loss: 0.2584308087825775
final training loss: 0.04518680274486542
test_loss: 0.2827894687652588
noise-average-mse: 45327.7734375
pred-average-mse: 81.88915252685547
