width: [[30, 0], [20, 0], [20, 0], [30, 0]]
grid: 5
k: 3
seed: 42
lr: 0.01
lamb: 0
final validation loss: 0.012775457464158535
final training loss: 0.00013527448754757643
test loss: 0.008563297800719738
