SNR = 4.31890305878085
SNR_db = 6.35373456071338
