SNR = 0.00919834190632034
SNR_db = -20.462798891087246
