SNR = 0.001445755376766739
SNR_db = -28.4444785350548
