SNR = 0.9122099648164766
SNR_db = -0.44447856874366776
