SNR = 0.010435948461673328
SNR_db = -20.188739583119787
