width: [[30, 0], [20, 0], [20, 0], [30, 0]]
grid: 3
k: 3
seed: 42
lr: 0.01
lamb: 0
final validation loss: 0.011234499514102936
final training loss: 0.003882076358422637
test loss: 0.00832460355013609
