width: [[1, 0], [1, 0], [1, 0]]
grid: 1
k: 1
seed: 42
lr: 0.0001
lamb: 0
final validation loss: 0.7029889822006226
final training loss: 0.6930009722709656
