width: [[1024, 0], [10, 0], [1024, 0]]
grid: 10
k: 3
seed: 42
lr: 0.1
lamb: 0
final validation loss: 0.2970002293586731
final training loss: 0.21555611491203308
test_loss: 0.3175082802772522
noise-average-mse: 26.951929092407227
pred-average-mse: 103.2309799194336
