SNR = 1.0192068594536612
SNR_db = -0.017270996896291094
