SNR = 144.57553654058967
SNR_db = 21.555521437639786
