SNR = 115.63377740107242
SNR_db = 20.256788296155992
