SNR = 1.043594845725159
SNR_db = -0.18873958440998287
