width: [[1024, 0], [500, 0], [1024, 0]]
grid: 10
k: 3
seed: 42
lr: 0.1
lamb: 0
final validation loss: 0.07402191311120987
final training loss: 0.009270143695175648
test_loss: 0.07929039746522903
noise-average-mse: 427.1592712402344
pred-average-mse: 6.437853813171387
