SNR = 0.009122099647148843
SNR_db = -20.444478569239457
