width: [[30, 0], [20, 0], [20, 0], [20, 0], [30, 0]]
grid: 3
k: 3
seed: 42
lr: 0.01
lamb: 0
final validation loss: 0.012310084886848927
final training loss: 0.000214937434066087
test loss: 0.019154299050569534
