SNR = 107.50436124608599
SNR_db = 20.214366453770793
